1
43
34
19
38
49
68
88
56
54
52
29
1
43
97
67
20
16
38
59
54
42
95
82
45
46
6
37
75
44
45
68
23
64
81
23
20
23
7
16
74
92
42
42
95
63
5
59
5
48
76
2
35
18
58
7
86
31
20
12
37
9
44
81
62
26
39
1
28
2
10
34
9
83
73
16
43
88
47
40
54
29
77
56
97
98
94
62
84
16
88
74
91
41
43
63
88
93
37
54
44
64
64
96
76
70
47
26
97
18
23
87
62
27
64
82
34
28
64
69
9
44
64
27
39
70
9
27
12
9
85
69
96
54
28
47
72
1
87
63
94
3
70
28
95
3
54
82
13
39
18
13
3
73
7
46
98
72
96
31
61
60
6
50
96
32
94
59
34
32
87
70
34
48
19
78
7
94
42
6
40
69
72
44
76
84
60
66
86
74
40
40
86
48
48
58
31
46
96
4
94
51
76
2
39
89
52
58
4
88
26
31
74
5
53
97
81
38
41
93
90
11
8
89
92
39
71
33
64
9
70
6
71
89
66
8
2
48
78
4
22
61
25
51
79
62
97
87
22
62
95
17
98
50
45
87
41
8
44
75
26
65
3
96
78
10
74
52
55
66
88
10
17
9
15
60
79
6
11
87
36
61
48
36
56
85
95
87
97
67
78
81
69
71
26
65
54
69
89
72
9
83
17
97
59
75
40
90
6
17
69
84
97
69
39
67
49
97
11
37
48
51
97
37
48
41
26
93
82
5
29
63
33
28
55
95
1
9
85
72
52
11
8
77
68
6
56
45
55
59
35
98
24
93
3
82
32
13
79
31
64
45
18
37
4
13
96
24
52
61
94
29
48
17
36
63
22
95
8
75
31
81
49
4
80
78
19
85
15
92
29
31
33
70
60
59
71
25
23
70
23
26
35
60
60
11
20
31
8
37
23
48
93
67
56
95
6
76
41
91
14
63
44
97
67
11
54
40
52
56
49
56
64
33
84
86
14
80
4
69
15
85
83
84
59
68
92
39
25
30
15
45
59
48
12
25
39
59
81
62
31
66
90
41
95
5
60
68
37
92
51
47
89
73
68
40
65
63
87
77
4
74
45
2
79
45
19
50
35
50
51
18
65
21
91
56
20
58
89
18
12
21
59
52
56
69
69
81
12
93
89
43
96
43
27
23
65
64
37
23
17
55
1
20
45
62
2
50
2
67
46
73
32
93
79
8
22
23
87
70
52
42
98
73
94
2
23
14
70
16
86
88
21
11
25
16
14
80
84
17
40
83
17
3
8
16
70
37
76
89
68
34
37
37
48
77
93
17
47
7
77
49
27
48
6
65
84
81
57
96
90
94
31
17
46
59
8
69
92
79
91
14
60
91
49
83
11
65
11
96
90
84
21
40
8
94
8
23
79
20
2
88
42
86
80
4
85
51
34
77
75
78
94
26
83
16
70
45
31
70
96
48
32
76
93
66
9
73
63
42
84
41
1
19
79
28
81
71
76
26
76
74
35
39
52
18
17
81
23
76
14
94
98
72
67
62
39
54
30
8
24
43
53
69
7
92
65
93
71
58
26
73
52
75
93
8
10
71
87
12
4
56
4
70
72
83
24
55
53
34
89
75
45
95
29
96
4
61
76
3
69
10
36
10
79
41
18
74
94
96
32
39
12
32
6
32
93
69
52
75
76
22
74
45
11
51
22
79
96
71
68
9
72
48
77
11
67
50
56
61
63
74
81
48
31
72
35
59
41
4
85
86
3
23
64
79
10
85
97
67
66
87
41
48
17
70
82
8
95
42
36
30
94
57
94
34
88
95
64
64
17
13
92
9
53
52
53
98
21
87
13
34
83
2
72
74
23
87
61
16
20
28
46
57
82
37
83
74
79
7
15
15
59
28
31
16
6
22
66
41
93
82
71
96
41
32
4
30
50
52
30
17
92
71
10
59
73
91
39
20
19
53
15
24
39
79
34
29
41
91
57
49
39
24
12
79
24
63
66
41
15
54
94
90
37
4
65
82
54
28
46
50
64
22
28
60
58
8
41
68
41
28
2
19
9
2
11
87
76
10
63
45
72
12
84
12
35
50
9
46
28
40
29
80
42
39
80
77
37
6
11
13
24
95
60
65
18
97
86
6
64
67
53
18
40
91
98
48
49
47
31
76
68
74
93
14
45
25
29
68
2
49
53
56
87
9
87
87
64
14
69
7
55
55
63
48
78
86
73
45
31
61
83
93
64
68
22
58
80
10
98
63
11
38
64
82
61
8
61
51
39
5
14
69
65
64
90
61
55
37
41
31
40
64
32
27
15
19
58
33
38
90
39
6
13
14
89
52
84
76
1
96
45
5
61
69
44
43
98
80
1
72
63
23
10
77
57
50
74
93
7
15
37
34
40
88
7
